MEME version 4.12.0

ALPHABET= ACGT

strands: + -

Background letter frequencies (from unknown source):
A 0.260 C 0.240 G 0.240 T 0.260

MOTIF denovo_ubx denovo_ubx

log-odds matrix: alength= 4 w= 11 E= 4.2e-080
   -92   -260   -150    150
    47   -568     47     22
   149   -237   -158    -89
  -330  -1469   -367    187
  -330   -499   -340    186
  -352  -1469   -340    187
   192  -1469   -399  -1469
 -1469   -318  -1469    190
  -211   -240    126     30
   -13   -153     94    -25
  -152     60     26      0


letter-probability matrix: alength= 4 w= 11 nsites= 265 E= 4.2e-080
0.137814 0.039544 0.084827 0.737814
0.359473 0.004678 0.332980 0.302869
0.733058 0.046187 0.080149 0.140605
0.026415 0.000000 0.018868 0.954717
0.026415 0.007547 0.022642 0.943396
0.022642 0.000000 0.022642 0.954717
0.984906 0.000000 0.015094 0.000000
0.000000 0.026415 0.000000 0.973585
0.060377 0.045283 0.573585 0.320755
0.237736 0.083019 0.460377 0.218868
0.090566 0.362264 0.286792 0.260377

MEME version 4

ALPHABET= ACGT

strands: + -

Background letter frequencies (from uniform background):
A 0.25000 C 0.25000 G 0.25000 T 0.25000 

MOTIF GrainTF Grain

letter-probability matrix: alength= 4 w= 22 nsites= 20 E= 0
  0.151572	  0.262753	  0.258275	  0.327401	
  0.221834	  0.113385	  0.275380	  0.389400	
  0.297769	  0.136928	  0.134678	  0.430625	
  0.270099	  0.110415	  0.271106	  0.348380	
  0.265471	  0.090253	  0.223340	  0.420936	
  0.616582	  0.090091	  0.171960	  0.121367	
  0.197318	  0.107541	  0.406904	  0.288237	
  0.798258	  0.046950	  0.001406	  0.153385	
  0.003195	  0.002516	  0.989707	  0.004582	
  0.991503	  0.002748	  0.002617	  0.003132	
  0.005015	  0.002764	  0.003026	  0.989195	
  0.948394	  0.008932	  0.001344	  0.041330	
  0.973109	  0.004100	  0.004081	  0.018710	
  0.040365	  0.113905	  0.828185	  0.017545	
  0.736608	  0.130524	  0.113464	  0.019404	
  0.415921	  0.106101	  0.316613	  0.161365	
  0.376582	  0.170927	  0.155572	  0.296919	
  0.137731	  0.197151	  0.211055	  0.454064	
  0.324853	  0.122747	  0.246107	  0.306293	
  0.462490	  0.207311	  0.159392	  0.170807	
  0.380420	  0.188972	  0.311990	  0.118618	
  0.222178	  0.157873	  0.380486	  0.239463	
MEME version 4

ALPHABET= ACGT

\strands: + -

Background letter frequencies
A 0.25 C 0.25 G 0.25 T 0.25
MOTIF MA0010.1 br
letter-probability matrix: alength= 4 w= 14 nsites= 9 E= 0
 0.333333  0.111111  0.444444  0.111111
 0.111111  0.111111  0.111111  0.666667
 0.555556  0.222222  0.111111  0.111111
 0.777778  0.000000  0.111111  0.111111
 0.333333  0.000000  0.000000  0.666667
 0.666667  0.000000  0.000000  0.333333
 0.444444  0.111111  0.444444  0.000000
 0.777778  0.000000  0.111111  0.111111
 0.111111  0.888889  0.000000  0.000000
 1.000000  0.000000  0.000000  0.000000
 0.888889  0.000000  0.111111  0.000000
 0.555556  0.000000  0.333333  0.111111
 0.444444  0.000000  0.000000  0.555556
 0.222222  0.333333  0.222222  0.222222
URL http://jaspar.genereg.net/matrix/MA0010.1

MOTIF MA0011.1 br(var.2)
letter-probability matrix: alength= 4 w= 8 nsites= 12 E= 0
 0.250000  0.083333  0.083333  0.583333
 0.416667  0.166667  0.083333  0.333333
 0.000000  0.833333  0.000000  0.166667
 0.000000  0.083333  0.000000  0.916667
 1.000000  0.000000  0.000000  0.000000
 0.083333  0.083333  0.166667  0.666667
 0.166667  0.000000  0.083333  0.750000
 0.083333  0.166667  0.083333  0.666667
URL http://jaspar.genereg.net/matrix/MA0011.1

MOTIF MA0012.1 br(var.3)
letter-probability matrix: alength= 4 w= 11 nsites= 12 E= 0
 0.250000  0.083333  0.083333  0.583333
 0.750000  0.166667  0.083333  0.000000
 0.833333  0.000000  0.000000  0.166667
 1.000000  0.000000  0.000000  0.000000
 0.000000  0.833333  0.083333  0.083333
 0.333333  0.000000  0.000000  0.666667
 0.833333  0.000000  0.000000  0.166667
 0.500000  0.000000  0.333333  0.166667
 0.500000  0.083333  0.166667  0.250000
 0.333333  0.250000  0.166667  0.250000
 0.166667  0.250000  0.416667  0.166667
URL http://jaspar.genereg.net/matrix/MA0012.1

MOTIF MA0013.1 br(var.4)
letter-probability matrix: alength= 4 w= 11 nsites= 6 E= 0
 0.166667  0.166667  0.000000  0.666667
 0.666667  0.000000  0.000000  0.333333
 0.333333  0.000000  0.666667  0.000000
 0.166667  0.000000  0.000000  0.833333
 0.833333  0.000000  0.166667  0.000000
 1.000000  0.000000  0.000000  0.000000
 0.833333  0.000000  0.166667  0.000000
 0.166667  0.500000  0.166667  0.166667
 0.500000  0.000000  0.166667  0.333333
 0.833333  0.000000  0.000000  0.166667
 0.500000  0.166667  0.000000  0.333333
URL http://jaspar.genereg.net/matrix/MA0013.1

MOTIF MA0015.1 Cf2
letter-probability matrix: alength= 4 w= 10 nsites= 80 E= 0
 0.312500  0.162500  0.500000  0.025000
 0.012500  0.025000  0.012500  0.950000
 0.925000  0.025000  0.050000  0.000000
 0.000000  0.112500  0.050000  0.837500
 0.975000  0.025000  0.000000  0.000000
 0.012500  0.050000  0.012500  0.925000
 0.512500  0.025000  0.450000  0.012500
 0.025000  0.112500  0.012500  0.850000
 0.662500  0.037500  0.250000  0.050000
 0.150000  0.362500  0.187500  0.300000
URL http://jaspar.genereg.net/matrix/MA0015.1

MOTIF MA0016.1 usp
letter-probability matrix: alength= 4 w= 10 nsites= 38 E= 0
 0.000000  0.026316  0.973684  0.000000
 0.026316  0.000000  0.947368  0.026316
 0.000000  0.000000  1.000000  0.000000
 0.000000  0.000000  1.000000  0.000000
 0.000000  0.000000  0.000000  1.000000
 0.000000  0.947368  0.026316  0.026316
 0.921053  0.000000  0.078947  0.000000
 0.131579  0.657895  0.078947  0.131579
 0.131579  0.210526  0.578947  0.078947
 0.157895  0.263158  0.421053  0.157895
URL http://jaspar.genereg.net/matrix/MA0016.1

MOTIF MA0022.1 dl
letter-probability matrix: alength= 4 w= 12 nsites= 13 E= 0
 0.000000  0.384615  0.461538  0.153846
 0.000000  0.000000  0.923077  0.076923
 0.000000  0.076923  0.846154  0.076923
 0.000000  0.000000  0.769231  0.230769
 0.076923  0.076923  0.230769  0.615385
 0.076923  0.000000  0.153846  0.769231
 0.076923  0.000000  0.000000  0.923077
 0.000000  0.000000  0.000000  1.000000
 0.000000  0.230769  0.000000  0.769231
 0.076923  0.692308  0.000000  0.230769
 0.076923  0.692308  0.076923  0.153846
 0.230769  0.384615  0.384615  0.000000
URL http://jaspar.genereg.net/matrix/MA0022.1

MOTIF MA0026.1 Eip74EF
letter-probability matrix: alength= 4 w= 7 nsites= 17 E= 0
 0.117647  0.705882  0.117647  0.058824
 0.294118  0.705882  0.000000  0.000000
 0.000000  0.000000  1.000000  0.000000
 0.000000  0.000000  1.000000  0.000000
 1.000000  0.000000  0.000000  0.000000
 1.000000  0.000000  0.000000  0.000000
 0.294118  0.058824  0.588235  0.058824
URL http://jaspar.genereg.net/matrix/MA0026.1

MOTIF MA0049.1 hb
letter-probability matrix: alength= 4 w= 10 nsites= 16 E= 0
 0.062500  0.312500  0.500000  0.125000
 0.375000  0.500000  0.125000  0.000000
 0.562500  0.187500  0.250000  0.000000
 0.250000  0.187500  0.062500  0.500000
 0.812500  0.062500  0.000000  0.125000
 1.000000  0.000000  0.000000  0.000000
 1.000000  0.000000  0.000000  0.000000
 0.875000  0.000000  0.125000  0.000000
 0.937500  0.062500  0.000000  0.000000
 0.562500  0.125000  0.125000  0.187500
URL http://jaspar.genereg.net/matrix/MA0049.1

MOTIF MA0085.1 Su(H)
letter-probability matrix: alength= 4 w= 16 nsites= 10 E= 0
 0.100000  0.300000  0.300000  0.300000
 0.000000  0.400000  0.000000  0.600000
 0.000000  0.000000  1.000000  0.000000
 0.000000  0.000000  0.000000  1.000000
 0.000000  0.000000  1.000000  0.000000
 0.300000  0.000000  0.700000  0.000000
 0.000000  0.000000  1.000000  0.000000
 1.000000  0.000000  0.000000  0.000000
 1.000000  0.000000  0.000000  0.000000
 0.500000  0.500000  0.000000  0.000000
 0.100000  0.700000  0.100000  0.100000
 0.100000  0.200000  0.400000  0.300000
 0.400000  0.200000  0.200000  0.200000
 0.300000  0.100000  0.400000  0.200000
 0.400000  0.300000  0.200000  0.100000
 0.200000  0.100000  0.200000  0.500000
URL http://jaspar.genereg.net/matrix/MA0085.1

MOTIF MA0126.1 ovo
letter-probability matrix: alength= 4 w= 9 nsites= 21 E= 0
 0.476190  0.190476  0.000000  0.333333
 0.047619  0.190476  0.666667  0.095238
 0.190476  0.095238  0.095238  0.619048
 0.952381  0.000000  0.000000  0.047619
 1.000000  0.000000  0.000000  0.000000
 0.000000  1.000000  0.000000  0.000000
 0.333333  0.238095  0.142857  0.285714
 0.000000  0.000000  1.000000  0.000000
 0.238095  0.190476  0.095238  0.476190
URL http://jaspar.genereg.net/matrix/MA0126.1

MOTIF MA0173.1 CG11617
letter-probability matrix: alength= 4 w= 7 nsites= 17 E= 0
 0.058824  0.000000  0.000000  0.941176
 0.000000  0.000000  0.000000  1.000000
 0.588235  0.000000  0.176471  0.235294
 1.000000  0.000000  0.000000  0.000000
 0.000000  1.000000  0.000000  0.000000
 1.000000  0.000000  0.000000  0.000000
 0.000000  0.000000  0.000000  1.000000
URL http://jaspar.genereg.net/matrix/MA0173.1

MOTIF MA0185.1 Deaf1
letter-probability matrix: alength= 4 w= 6 nsites= 10 E= 0
 0.000000  0.300000  0.000000  0.700000
 0.000000  0.000000  0.000000  1.000000
 0.000000  1.000000  0.000000  0.000000
 0.000000  0.000000  1.000000  0.000000
 0.000000  0.000000  0.500000  0.500000
 0.100000  0.300000  0.400000  0.200000
URL http://jaspar.genereg.net/matrix/MA0185.1

MOTIF MA0190.1 Gsc
letter-probability matrix: alength= 4 w= 6 nsites= 22 E= 0
 0.000000  0.000000  0.000000  1.000000
 1.000000  0.000000  0.000000  0.000000
 1.000000  0.000000  0.000000  0.000000
 0.000000  0.000000  0.000000  1.000000
 0.000000  1.000000  0.000000  0.000000
 0.000000  0.636364  0.090909  0.272727
URL http://jaspar.genereg.net/matrix/MA0190.1

MOTIF MA0193.1 schlank
letter-probability matrix: alength= 4 w= 7 nsites= 19 E= 0
 0.000000  1.000000  0.000000  0.000000
 0.000000  0.473684  0.000000  0.526316
 0.894737  0.105263  0.000000  0.000000
 0.052632  0.947368  0.000000  0.000000
 0.000000  0.631579  0.000000  0.368421
 0.947368  0.000000  0.052632  0.000000
 0.631579  0.000000  0.210526  0.157895
URL http://jaspar.genereg.net/matrix/MA0193.1

MOTIF MA0199.1 Optix
letter-probability matrix: alength= 4 w= 5 nsites= 27 E= 0
 0.000000  0.185185  0.000000  0.814815
 0.000000  0.000000  1.000000  0.000000
 1.000000  0.000000  0.000000  0.000000
 0.000000  0.000000  0.000000  1.000000
 0.962963  0.000000  0.037037  0.000000
URL http://jaspar.genereg.net/matrix/MA0199.1

MOTIF MA0205.1 Trl
letter-probability matrix: alength= 4 w= 10 nsites= 71 E= 0
 0.056338  0.309859  0.126761  0.507042
 0.084507  0.323944  0.154930  0.436620
 0.169014  0.084507  0.422535  0.323944
 0.000000  0.901408  0.042254  0.056338
 0.042254  0.000000  0.197183  0.760563
 0.014085  0.985915  0.000000  0.000000
 0.183099  0.000000  0.028169  0.788732
 0.070423  0.760563  0.098592  0.070423
 0.098592  0.183099  0.154930  0.563380
 0.126761  0.464789  0.140845  0.267606
URL http://jaspar.genereg.net/matrix/MA0205.1

MOTIF MA0213.1 brk
letter-probability matrix: alength= 4 w= 8 nsites= 10 E= 0
 0.100000  0.500000  0.400000  0.000000
 0.000000  0.400000  0.000000  0.600000
 0.000000  0.000000  1.000000  0.000000
 0.000000  0.000000  1.000000  0.000000
 0.000000  1.000000  0.000000  0.000000
 0.100000  0.000000  0.900000  0.000000
 0.100000  0.800000  0.000000  0.100000
 0.000000  0.500000  0.100000  0.400000
URL http://jaspar.genereg.net/matrix/MA0213.1

MOTIF MA0218.1 ct
letter-probability matrix: alength= 4 w= 6 nsites= 20 E= 0
 0.000000  0.300000  0.000000  0.700000
 0.050000  0.100000  0.000000  0.850000
 0.450000  0.000000  0.550000  0.000000
 1.000000  0.000000  0.000000  0.000000
 0.850000  0.000000  0.050000  0.100000
 0.000000  0.950000  0.050000  0.000000
URL http://jaspar.genereg.net/matrix/MA0218.1

MOTIF MA0242.1 Bgb::run
letter-probability matrix: alength= 4 w= 9 nsites= 29 E= 0
 0.413793  0.068966  0.000000  0.517241
 0.931034  0.000000  0.034483  0.034483
 0.965517  0.000000  0.034483  0.000000
 0.000000  1.000000  0.000000  0.000000
 0.000000  0.965517  0.034483  0.000000
 0.172414  0.034483  0.793103  0.000000
 0.000000  1.000000  0.000000  0.000000
 0.965517  0.000000  0.000000  0.034483
 0.689655  0.000000  0.310345  0.000000
URL http://jaspar.genereg.net/matrix/MA0242.1

MOTIF MA0244.1 slbo
letter-probability matrix: alength= 4 w= 8 nsites= 12 E= 0
 0.750000  0.083333  0.083333  0.083333
 0.000000  0.083333  0.000000  0.916667
 0.000000  0.000000  0.250000  0.750000
 0.250000  0.166667  0.583333  0.000000
 0.166667  0.833333  0.000000  0.000000
 0.583333  0.166667  0.166667  0.083333
 0.500000  0.416667  0.083333  0.000000
 0.916667  0.083333  0.000000  0.000000
URL http://jaspar.genereg.net/matrix/MA0244.1

MOTIF MA0249.1 twi
letter-probability matrix: alength= 4 w= 12 nsites= 15 E= 0
 0.066667  0.266667  0.200000  0.466667
 0.200000  0.466667  0.200000  0.133333
 0.066667  0.200000  0.666667  0.066667
 0.000000  0.933333  0.066667  0.000000
 0.733333  0.200000  0.066667  0.000000
 0.000000  0.266667  0.066667  0.666667
 0.466667  0.066667  0.333333  0.133333
 0.000000  0.000000  0.000000  1.000000
 0.000000  0.000000  0.800000  0.200000
 0.066667  0.000000  0.133333  0.800000
 0.066667  0.133333  0.133333  0.666667
 0.133333  0.200000  0.533333  0.133333
URL http://jaspar.genereg.net/matrix/MA0249.1

MOTIF MA0254.1 vvl
letter-probability matrix: alength= 4 w= 6 nsites= 11 E= 0
 0.000000  0.181818  0.000000  0.818182
 1.000000  0.000000  0.000000  0.000000
 0.181818  0.181818  0.000000  0.636364
 0.000000  0.000000  0.545455  0.454545
 0.272727  0.727273  0.000000  0.000000
 1.000000  0.000000  0.000000  0.000000
URL http://jaspar.genereg.net/matrix/MA0254.1

MOTIF MA0255.1 z
letter-probability matrix: alength= 4 w= 10 nsites= 41 E= 0
 0.268293  0.073171  0.121951  0.536585
 0.024390  0.170732  0.073171  0.731707
 0.024390  0.000000  0.975610  0.000000
 1.000000  0.000000  0.000000  0.000000
 0.024390  0.000000  0.975610  0.000000
 0.195122  0.243902  0.000000  0.560976
 0.048780  0.146341  0.707317  0.097561
 0.439024  0.170732  0.268293  0.121951
 0.243902  0.121951  0.292683  0.341463
 0.341463  0.146341  0.048780  0.463415
URL http://jaspar.genereg.net/matrix/MA0255.1

MOTIF MA0443.1 btd
letter-probability matrix: alength= 4 w= 10 nsites= 30 E= 0
 0.466667  0.100000  0.233333  0.200000
 0.333333  0.000000  0.666667  0.000000
 0.133333  0.000000  0.600000  0.266667
 0.066667  0.000000  0.933333  0.000000
 0.000000  0.000000  1.000000  0.000000
 0.000000  0.000000  1.000000  0.000000
 0.066667  0.933333  0.000000  0.000000
 0.000000  0.000000  1.000000  0.000000
 0.000000  0.000000  0.666667  0.333333
 0.500000  0.033333  0.333333  0.133333
URL http://jaspar.genereg.net/matrix/MA0443.1

MOTIF MA0445.1 D
letter-probability matrix: alength= 4 w= 11 nsites= 29 E= 0
 0.034483  0.275862  0.241379  0.448276
 0.000000  0.862069  0.000000  0.137931
 0.000000  0.586207  0.000000  0.413793
 0.689655  0.000000  0.000000  0.310345
 0.000000  0.000000  0.000000  1.000000
 0.000000  0.000000  0.103448  0.896552
 0.068966  0.000000  0.931034  0.000000
 0.000000  0.000000  0.000000  1.000000
 0.034483  0.068966  0.137931  0.758621
 0.137931  0.344828  0.206897  0.310345
 0.206897  0.034483  0.034483  0.724138
URL http://jaspar.genereg.net/matrix/MA0445.1

MOTIF MA0446.1 fkh
letter-probability matrix: alength= 4 w= 11 nsites= 27 E= 0
 0.111111  0.000000  0.000000  0.888889
 0.185185  0.000000  0.814815  0.000000
 0.000000  0.000000  0.000000  1.000000
 0.000000  0.000000  0.000000  1.000000
 0.000000  0.000000  0.037037  0.962963
 0.481481  0.000000  0.518519  0.000000
 0.148148  0.481481  0.074074  0.296296
 0.222222  0.259259  0.111111  0.407407
 0.000000  0.407407  0.074074  0.518519
 0.851852  0.000000  0.037037  0.111111
 0.555556  0.148148  0.148148  0.148148
URL http://jaspar.genereg.net/matrix/MA0446.1

MOTIF MA0447.1 gt
letter-probability matrix: alength= 4 w= 10 nsites= 60 E= 0
 0.466667  0.083333  0.416667  0.033333
 0.000000  0.000000  0.000000  1.000000
 0.016667  0.016667  0.050000  0.916667
 0.900000  0.000000  0.100000  0.000000
 0.000000  0.883333  0.000000  0.116667
 0.116667  0.000000  0.883333  0.000000
 0.000000  0.100000  0.000000  0.900000
 0.916667  0.050000  0.016667  0.016667
 1.000000  0.000000  0.000000  0.000000
 0.033333  0.416667  0.083333  0.466667
URL http://jaspar.genereg.net/matrix/MA0447.1

MOTIF MA0449.1 h
letter-probability matrix: alength= 4 w= 10 nsites= 34 E= 0
 0.029412  0.058824  0.882353  0.029412
 0.088235  0.205882  0.500000  0.205882
 0.029412  0.911765  0.029412  0.029412
 0.647059  0.029412  0.294118  0.029412
 0.029412  0.882353  0.029412  0.058824
 0.058824  0.029412  0.882353  0.029412
 0.029412  0.294118  0.029412  0.647059
 0.029412  0.029412  0.911765  0.029412
 0.205882  0.500000  0.205882  0.088235
 0.029412  0.882353  0.058824  0.029412
URL http://jaspar.genereg.net/matrix/MA0449.1

MOTIF MA0451.1 kni
letter-probability matrix: alength= 4 w= 12 nsites= 26 E= 0
 0.730769  0.038462  0.076923  0.153846
 0.961538  0.038462  0.000000  0.000000
 0.615385  0.000000  0.000000  0.384615
 0.192308  0.346154  0.230769  0.230769
 0.000000  0.153846  0.038462  0.807692
 0.807692  0.000000  0.192308  0.000000
 0.000000  0.000000  1.000000  0.000000
 0.653846  0.000000  0.307692  0.038462
 0.038462  0.115385  0.692308  0.153846
 0.000000  1.000000  0.000000  0.000000
 0.961538  0.000000  0.038462  0.000000
 0.192308  0.461538  0.269231  0.076923
URL http://jaspar.genereg.net/matrix/MA0451.1

MOTIF MA0454.1 odd
letter-probability matrix: alength= 4 w= 11 nsites= 15 E= 0
 0.466667  0.333333  0.000000  0.200000
 0.666667  0.333333  0.000000  0.000000
 0.000000  0.933333  0.066667  0.000000
 0.800000  0.000000  0.200000  0.000000
 0.000000  0.000000  1.000000  0.000000
 0.000000  0.000000  0.000000  1.000000
 1.000000  0.000000  0.000000  0.000000
 0.000000  0.000000  1.000000  0.000000
 0.000000  1.000000  0.000000  0.000000
 0.733333  0.200000  0.066667  0.000000
 0.333333  0.266667  0.400000  0.000000
URL http://jaspar.genereg.net/matrix/MA0454.1

MOTIF MA0456.1 opa
letter-probability matrix: alength= 4 w= 12 nsites= 18 E= 0
 0.000000  0.055556  0.833333  0.111111
 0.555556  0.388889  0.055556  0.000000
 0.055556  0.888889  0.000000  0.055556
 0.055556  0.833333  0.055556  0.055556
 0.000000  0.888889  0.055556  0.055556
 0.000000  1.000000  0.000000  0.000000
 0.000000  1.000000  0.000000  0.000000
 0.000000  0.777778  0.000000  0.222222
 0.222222  0.000000  0.722222  0.055556
 0.000000  0.777778  0.111111  0.111111
 0.166667  0.055556  0.222222  0.555556
 0.111111  0.000000  0.888889  0.000000
URL http://jaspar.genereg.net/matrix/MA0456.1

MOTIF MA0458.1 slp1
letter-probability matrix: alength= 4 w= 11 nsites= 41 E= 0
 0.195122  0.073171  0.341463  0.390244
 0.000000  0.000000  0.000000  1.000000
 0.073171  0.000000  0.926829  0.000000
 0.000000  0.000000  0.000000  1.000000
 0.000000  0.000000  0.024390  0.975610
 0.000000  0.000000  0.048780  0.951220
 0.658537  0.000000  0.097561  0.243902
 0.024390  0.536585  0.170732  0.268293
 0.414634  0.195122  0.365854  0.024390
 0.097561  0.317073  0.073171  0.512195
 0.365854  0.073171  0.097561  0.463415
URL http://jaspar.genereg.net/matrix/MA0458.1

MOTIF MA0459.1 tll
letter-probability matrix: alength= 4 w= 10 nsites= 33 E= 0
 0.606061  0.121212  0.121212  0.151515
 0.878788  0.000000  0.121212  0.000000
 1.000000  0.000000  0.000000  0.000000
 0.939394  0.030303  0.030303  0.000000
 0.000000  0.000000  1.000000  0.000000
 0.000000  0.060606  0.000000  0.939394
 0.000000  1.000000  0.000000  0.000000
 1.000000  0.000000  0.000000  0.000000
 0.939394  0.000000  0.030303  0.030303
 0.515152  0.303030  0.060606  0.121212
URL http://jaspar.genereg.net/matrix/MA0459.1

MOTIF MA0460.1 ttk
letter-probability matrix: alength= 4 w= 9 nsites= 22 E= 0
 0.454545  0.363636  0.136364  0.045455
 1.000000  0.000000  0.000000  0.000000
 0.000000  0.000000  1.000000  0.000000
 0.000000  0.000000  1.000000  0.000000
 1.000000  0.000000  0.000000  0.000000
 0.000000  0.227273  0.000000  0.772727
 0.954545  0.000000  0.000000  0.045455
 1.000000  0.000000  0.000000  0.000000
 0.045455  0.227273  0.136364  0.590909
URL http://jaspar.genereg.net/matrix/MA0460.1

MOTIF MA0529.1 BEAF-32
letter-probability matrix: alength= 4 w= 15 nsites= 3985 E= 0
 0.187202  0.218821  0.284065  0.309912
 0.240652  0.360602  0.212547  0.186198
 0.315182  0.212547  0.328482  0.143789
 0.469511  0.340778  0.189711  0.000000
 0.497365  0.086324  0.168381  0.247930
 0.551066  0.081305  0.254203  0.113425
 0.388206  0.461982  0.149812  0.000000
 0.186951  0.159348  0.000000  0.653701
 0.980678  0.000000  0.019322  0.000000
 0.000000  0.000000  0.000000  1.000000
 0.000000  1.000000  0.000000  0.000000
 0.019322  0.000000  0.980678  0.000000
 0.906650  0.000000  0.093350  0.000000
 0.107403  0.042660  0.000000  0.849937
 0.542535  0.000000  0.197742  0.259724
URL http://jaspar.genereg.net/matrix/MA0529.1

MOTIF MA0216.2 cad
letter-probability matrix: alength= 4 w= 11 nsites= 2303 E= 0
 0.370821  0.000000  0.496309  0.132870
 0.249674  0.148068  0.602258  0.000000
 0.000000  0.643074  0.000000  0.356926
 0.323491  0.640469  0.000000  0.036040
 0.919236  0.000000  0.080764  0.000000
 0.000000  0.041251  0.000000  0.958749
 0.970908  0.000000  0.000000  0.029092
 1.000000  0.000000  0.000000  0.000000
 1.000000  0.000000  0.000000  0.000000
 0.710812  0.049935  0.063830  0.175423
 0.454190  0.327833  0.000000  0.217977
URL http://jaspar.genereg.net/matrix/MA0216.2

MOTIF MA0452.2 Kr
letter-probability matrix: alength= 4 w= 14 nsites= 1296 E= 0
 0.138117  0.325617  0.183642  0.352623
 0.158179  0.145833  0.168210  0.527778
 0.116512  0.297840  0.056327  0.529321
 0.962963  0.000000  0.000000  0.037037
 0.833333  0.166667  0.000000  0.000000
 0.008488  0.902778  0.000000  0.088735
 0.000000  0.908179  0.000000  0.091821
 0.000000  1.000000  0.000000  0.000000
 0.000000  0.155864  0.000000  0.844136
 0.000000  0.000000  0.000000  1.000000
 0.000000  0.087191  0.000000  0.912809
 0.087191  0.307870  0.178241  0.426698
 0.245370  0.248457  0.219907  0.286265
 0.162809  0.334877  0.168981  0.333333
URL http://jaspar.genereg.net/matrix/MA0452.2

MOTIF MA0533.1 su(Hw)
letter-probability matrix: alength= 4 w= 21 nsites= 4737 E= 0
 0.070931  0.239181  0.592780  0.097108
 0.051298  0.868904  0.007389  0.072409
 0.164239  0.633523  0.048765  0.153473
 0.180494  0.312434  0.206249  0.300823
 0.584125  0.123707  0.195271  0.096897
 0.725776  0.043910  0.111674  0.118640
 0.890226  0.019633  0.062276  0.027866
 0.824150  0.004011  0.066709  0.105130
 0.086553  0.049609  0.793540  0.070298
 0.003589  0.093097  0.020266  0.883048
 0.902681  0.004433  0.020055  0.072831
 0.001478  0.002322  0.240659  0.755541
 0.042010  0.001056  0.955457  0.001478
 0.024488  0.969812  0.001267  0.004433
 0.595525  0.086764  0.001689  0.316023
 0.716065  0.062487  0.150517  0.070931
 0.110407  0.512983  0.040321  0.336289
 0.535149  0.074731  0.297446  0.092675
 0.383154  0.271058  0.162550  0.183238
 0.470973  0.094364  0.072831  0.361832
 0.421364  0.080008  0.074098  0.424530
URL http://jaspar.genereg.net/matrix/MA0533.1

MOTIF MA0237.2 pan
letter-probability matrix: alength= 4 w= 14 nsites= 71 E= 0
 0.000000  0.000000  0.478873  0.521127
 0.000000  1.000000  0.000000  0.000000
 0.000000  0.000000  1.000000  0.000000
 0.000000  0.281690  0.563380  0.154930
 0.098592  0.605634  0.042254  0.253521
 0.154930  0.140845  0.267606  0.436620
 0.098592  0.563380  0.000000  0.338028
 0.000000  0.422535  0.211268  0.366197
 0.000000  0.000000  0.000000  1.000000
 0.000000  0.000000  0.000000  1.000000
 0.000000  0.000000  0.154930  0.845070
 0.154930  0.126761  0.577465  0.140845
 0.478873  0.000000  0.295775  0.225352
 0.309859  0.000000  0.000000  0.690141
URL http://jaspar.genereg.net/matrix/MA0237.2

MOTIF MA0535.1 Mad
letter-probability matrix: alength= 4 w= 15 nsites= 102 E= 0
 0.000000  0.470588  0.460784  0.068627
 0.343137  0.254902  0.127451  0.274510
 0.000000  0.137255  0.862745  0.000000
 0.343137  0.000000  0.549020  0.107843
 0.000000  1.000000  0.000000  0.000000
 0.000000  0.000000  1.000000  0.000000
 0.225490  0.637255  0.000000  0.137255
 0.000000  0.696078  0.303922  0.000000
 0.284314  0.000000  0.715686  0.000000
 0.284314  0.382353  0.333333  0.000000
 0.107843  0.519608  0.245098  0.127451
 0.284314  0.000000  0.715686  0.000000
 0.117647  0.470588  0.264706  0.147059
 0.313725  0.333333  0.156863  0.196078
 0.107843  0.274510  0.617647  0.000000
URL http://jaspar.genereg.net/matrix/MA0535.1

MOTIF MA0917.1 gcm2
letter-probability matrix: alength= 4 w= 8 nsites= 1000 E= 0
 0.730000  0.111000  0.159000  0.000000
 0.000000  0.012000  0.000000  0.988000
 0.235000  0.024000  0.741000  0.000000
 0.047000  0.800000  0.141000  0.012000
 0.070929  0.000000  0.752248  0.176823
 0.000000  0.000000  1.000000  0.000000
 0.000000  0.000000  1.000000  0.000000
 0.055944  0.351648  0.092907  0.499500
URL http://jaspar.genereg.net/matrix/MA0917.1

MOTIF MA0086.2 sna
letter-probability matrix: alength= 4 w= 13 nsites= 1000 E= 0
 0.241000  0.200000  0.309000  0.250000
 0.128000  0.324000  0.264000  0.284000
 0.454000  0.057000  0.387000  0.102000
 0.835000  0.007000  0.114000  0.044000
 0.005000  0.984000  0.006000  0.005000
 0.984000  0.004000  0.007000  0.005000
 0.087000  0.004000  0.903000  0.006000
 0.005000  0.004000  0.986000  0.005000
 0.005000  0.004000  0.007000  0.984000
 0.009990  0.004995  0.975025  0.009990
 0.042000  0.455000  0.184000  0.319000
 0.535000  0.139000  0.147000  0.179000
 0.290000  0.244000  0.230000  0.236000
URL http://jaspar.genereg.net/matrix/MA0086.2

