MEME version 4.12.0

ALPHABET= ACGT

strands: + -

Background letter frequencies (from unknown source):
A 0.260 C 0.240 G 0.240 T 0.260

MOTIF denovo_ubx denovo_ubx

log-odds matrix: alength= 4 w= 11 E= 4.2e-080
   -92   -260   -150    150
    47   -568     47     22
   149   -237   -158    -89
  -330  -1469   -367    187
  -330   -499   -340    186
  -352  -1469   -340    187
   192  -1469   -399  -1469
 -1469   -318  -1469    190
  -211   -240    126     30
   -13   -153     94    -25
  -152     60     26      0


letter-probability matrix: alength= 4 w= 11 nsites= 265 E= 4.2e-080
0.137814 0.039544 0.084827 0.737814
0.359473 0.004678 0.332980 0.302869
0.733058 0.046187 0.080149 0.140605
0.026415 0.000000 0.018868 0.954717
0.026415 0.007547 0.022642 0.943396
0.022642 0.000000 0.022642 0.954717
0.984906 0.000000 0.015094 0.000000
0.000000 0.026415 0.000000 0.973585
0.060377 0.045283 0.573585 0.320755
0.237736 0.083019 0.460377 0.218868
0.090566 0.362264 0.286792 0.260377

MEME version 4

ALPHABET= ACGT

strands: + -

Background letter frequencies (from uniform background):
A 0.25000 C 0.25000 G 0.25000 T 0.25000 

MOTIF GrainTF Grain

letter-probability matrix: alength= 4 w= 22 nsites= 20 E= 0
  0.151572	  0.262753	  0.258275	  0.327401	
  0.221834	  0.113385	  0.275380	  0.389400	
  0.297769	  0.136928	  0.134678	  0.430625	
  0.270099	  0.110415	  0.271106	  0.348380	
  0.265471	  0.090253	  0.223340	  0.420936	
  0.616582	  0.090091	  0.171960	  0.121367	
  0.197318	  0.107541	  0.406904	  0.288237	
  0.798258	  0.046950	  0.001406	  0.153385	
  0.003195	  0.002516	  0.989707	  0.004582	
  0.991503	  0.002748	  0.002617	  0.003132	
  0.005015	  0.002764	  0.003026	  0.989195	
  0.948394	  0.008932	  0.001344	  0.041330	
  0.973109	  0.004100	  0.004081	  0.018710	
  0.040365	  0.113905	  0.828185	  0.017545	
  0.736608	  0.130524	  0.113464	  0.019404	
  0.415921	  0.106101	  0.316613	  0.161365	
  0.376582	  0.170927	  0.155572	  0.296919	
  0.137731	  0.197151	  0.211055	  0.454064	
  0.324853	  0.122747	  0.246107	  0.306293	
  0.462490	  0.207311	  0.159392	  0.170807	
  0.380420	  0.188972	  0.311990	  0.118618	
  0.222178	  0.157873	  0.380486	  0.239463	
