
9	8	0.7
14	1	0.83
15	14	0.75
16	15	0.85
17	15	0.72
18	15	0.78
18	17	0.84
19	15	0.83
19	17	0.76
19	18	0.72
20	15	0.86
20	16	0.72
20	17	0.83
20	18	0.88
20	19	0.77
21	15	0.82
21	15	0.82
23	1	0.77
23	15	0.78
23	16	0.75
23	19	0.79
24	14	0.75
24	15	0.92
24	16	0.79
24	17	0.73
24	18	0.81
24	19	0.7
24	20	0.93
24	18	0.81
25	1	0.73
25	15	0.79
25	16	0.75
25	19	0.7
25	20	0.76
25	16	0.75
25	23	0.84
25	24	0.77
26	15	0.96
26	16	0.82
26	17	0.76
26	18	0.71
26	19	0.87
26	20	0.85
26	21	0.83
26	23	0.78
26	20	0.85
26	25	0.75
27	14	0.7
27	15	0.88
27	16	0.85
27	19	0.73
27	20	0.76
27	14	0.7
27	23	0.82
27	23	0.82
27	25	0.78
27	16	0.85
28	14	0.75
28	15	0.92
28	16	0.85
28	18	0.77
28	19	0.76
28	20	0.9
28	21	0.84
28	23	0.7
28	24	0.91
28	25	0.81
28	24	0.91
28	25	0.81
29	14	0.7
29	15	0.93
29	16	0.81
29	17	0.86
29	18	0.84
29	19	0.8
29	20	0.9
29	17	0.86
29	23	0.74
29	20	0.9
29	23	0.74
29	26	0.92
29	27	0.85
29	28	0.88
30	14	0.77
30	15	0.88
30	16	0.81
30	18	0.75
30	20	0.9
30	21	0.82
30	24	0.96
30	18	0.75
30	21	0.82
30	14	0.77
30	28	0.95
30	29	0.85
31	1	0.75
31	14	0.79
31	15	0.8
31	18	0.7
31	1	0.75
31	23	0.88
31	24	0.71
31	25	0.86
31	26	0.72
31	27	0.85
31	26	0.72
31	1	0.75
32	21	0.7
32	24	0.77
32	30	0.75
33	15	0.86
33	16	0.72
33	19	0.78
33	20	0.88
33	21	0.82
33	20	0.88
33	25	0.81
33	20	0.88
33	27	0.84
33	28	0.9
33	29	0.83
33	20	0.88
33	16	0.72
33	32	0.73
35	14	0.74
35	15	0.88
35	16	0.72
35	16	0.72
35	20	0.87
35	21	0.79
35	24	0.95
35	25	0.81
35	25	0.81
35	14	0.74
35	28	0.91
35	29	0.8
35	30	0.93
35	31	0.7
35	32	0.73
35	15	0.88
36	1	0.73
36	16	0.77
36	24	0.75
36	24	0.75
36	30	0.79
36	1	0.73
37	21	0.86
37	33	0.74
38	1	0.72
38	15	0.78
38	16	0.75
38	20	0.85
38	24	0.88
38	1	0.72
38	26	0.73
38	27	0.79
38	28	0.81
38	29	0.74
38	30	0.86
38	33	0.8
38	35	0.87
38	36	0.71
40	1	0.76
40	14	0.82
40	15	0.89
40	16	0.72
40	14	0.82
40	20	0.83
40	21	0.74
40	16	0.72
40	24	0.91
40	25	0.81
40	26	0.77
40	1	0.76
40	28	0.87
40	29	0.84
40	28	0.87
40	25	0.81
40	26	0.77
40	35	0.94
40	21	0.74
40	38	0.78
41	15	0.83
41	17	0.96
41	15	0.83
41	19	0.85
41	20	0.88
41	21	0.77
41	23	0.71
41	21	0.77
41	26	0.89
41	27	0.73
41	28	0.79
41	29	0.92
41	30	0.72
41	33	0.75
41	40	0.7
43	15	0.9
43	16	0.77
43	17	0.8
43	16	0.77
43	19	0.76
43	20	0.94
43	21	0.92
43	21	0.92
43	25	0.79
43	26	0.91
43	27	0.81
43	28	0.93
43	29	0.95
43	15	0.9
43	32	0.71
43	26	0.91
43	35	0.88
43	37	0.75
43	17	0.8
43	40	0.84
43	35	0.88
44	15	0.82
44	16	0.84
44	19	0.8
44	20	0.75
44	21	0.7
44	23	0.89
44	24	0.74
44	25	0.85
44	26	0.88
44	25	0.85
44	28	0.81
44	29	0.79
44	30	0.72
44	31	0.73
44	33	0.83
44	35	0.71
44	35	0.71
44	41	0.78
44	15	0.82
45	15	0.83
45	16	0.82
45	17	0.7
45	18	0.81
45	20	0.84
45	24	0.88
45	25	0.73
45	25	0.73
45	27	0.75
45	28	0.79
45	29	0.8
45	16	0.82
45	16	0.82
45	36	0.71
45	15	0.83
45	40	0.85
45	41	0.72
45	43	0.78
46	15	0.75
46	16	0.7
46	20	0.87
46	21	0.83
46	24	0.81
46	25	0.73
46	26	0.78
46	28	0.91
46	29	0.8
46	30	0.89
46	33	0.88
46	35	0.84
46	36	0.72
46	37	0.79
46	15	0.75
46	40	0.76
46	15	0.75
46	28	0.91
46	44	0.71
48	15	0.81
48	16	0.71
48	17	0.84
48	19	0.74
48	20	0.78
48	21	0.79
48	24	0.75
48	26	0.89
48	24	0.75
48	24	0.75
48	29	0.91
48	16	0.71
48	20	0.78
48	37	0.76
48	41	0.9
48	43	0.87
48	44	0.77
48	44	0.77
49	39	0.95
50	15	0.93
50	16	0.81
50	17	0.86
50	18	0.83
50	19	0.79
50	20	0.91
50	17	0.86
50	23	0.71
50	24	0.9
50	25	0.73
50	26	0.92
50	27	0.85
50	28	0.88
50	29	1.0
50	17	0.86
50	25	0.73
50	27	0.85
50	19	0.79
50	38	0.75
50	40	0.82
50	26	0.92
50	43	0.95
50	44	0.8
50	44	0.8
50	16	0.81
50	15	0.93
51	14	0.73
51	15	1.0
51	16	0.86
51	17	0.72
51	18	0.77
51	19	0.83
51	16	0.86
51	21	0.8
51	23	0.76
51	24	0.92
51	23	0.76
51	26	0.96
51	27	0.88
51	28	0.91
51	29	0.93
51	27	0.88
51	31	0.78
51	16	0.86
51	16	0.86
51	31	0.78
51	16	0.86
51	41	0.82
51	27	0.88
51	41	0.82
51	41	0.82
51	46	0.74
51	19	0.83
51	29	0.93
52	47	0.77
54	15	0.89
54	17	0.71
54	18	0.77
54	19	0.87
54	20	0.84
54	21	0.74
54	21	0.74
54	24	0.82
54	21	0.74
54	26	0.86
54	27	0.83
54	18	0.77
54	20	0.84
54	30	0.73
54	31	0.78
54	33	0.85
54	18	0.77
54	30	0.73
54	18	0.77
54	41	0.79
54	43	0.81
54	18	0.77
54	45	0.75
54	30	0.73
54	27	0.83
54	15	0.89
55	22	0.71
55	47	0.75
56	1	0.72
56	2	0.71
56	15	0.79
56	1	0.72
56	1	0.72
56	20	0.8
56	21	0.77
56	24	0.78
56	15	0.79
56	2	0.71
56	15	0.79
56	29	0.93
56	30	0.76
56	15	0.79
56	30	0.76
56	37	0.74
56	15	0.79
56	21	0.77
56	43	0.86
56	46	0.83
56	48	0.82
56	43	0.86
56	15	0.79
57	15	0.96
57	16	0.89
57	17	0.7
57	18	0.75
57	19	0.79
57	20	0.84
57	21	0.76
57	19	0.79
57	24	0.9
57	25	0.78
57	26	0.93
57	27	0.92
57	28	0.88
57	29	0.91
57	30	0.85
57	31	0.81
57	30	0.85
57	35	0.82
57	36	0.73
57	35	0.82
57	35	0.82
57	41	0.8
57	43	0.87
57	43	0.87
57	19	0.79
57	36	0.73
57	35	0.82
57	29	0.91
57	15	0.96
57	54	0.86
57	56	0.77
58	13	0.83
58	22	0.81
59	40	0.71
59	45	0.7
60	39	0.87
60	49	0.92
62	15	0.84
62	19	0.83
62	20	0.78
62	21	0.75
62	23	0.73
62	24	0.77
62	24	0.77
62	26	0.89
62	28	0.87
62	29	0.79
62	30	0.76
62	19	0.83
62	35	0.82
62	24	0.77
62	24	0.77
62	43	0.86
62	35	0.82
62	46	0.81
62	23	0.73
62	20	0.78
62	35	0.82
62	54	0.71
62	23	0.73
62	29	0.79
63	1	0.83
63	14	0.8
63	15	0.79
63	16	0.74
63	23	0.75
63	24	0.71
63	25	0.77
63	24	0.71
63	28	0.82
63	24	0.71
63	16	0.74
63	31	0.72
63	35	0.78
63	16	0.74
63	40	0.86
63	43	0.7
63	43	0.7
63	51	0.76
63	24	0.71
63	15	0.79
64	13	0.86
64	22	0.97
64	55	0.77
64	58	0.89
66	15	0.85
66	16	0.76
66	19	0.83
66	20	0.74
66	23	0.84
66	24	0.75
66	25	0.77
66	26	0.89
66	26	0.89
66	28	0.8
66	28	0.8
66	30	0.71
66	31	0.79
66	23	0.84
66	30	0.71
66	25	0.77
66	31	0.79
66	44	0.91
66	16	0.76
66	28	0.8
66	15	0.85
66	54	0.82
66	26	0.89
66	28	0.8
67	15	0.95
67	16	0.81
67	17	0.71
67	18	0.77
67	19	0.79
67	20	0.94
67	21	0.86
67	17	0.71
67	15	0.95
67	25	0.83
67	20	0.94
67	27	0.84
67	28	0.97
67	29	0.91
67	30	0.93
67	31	0.73
67	32	0.72
67	20	0.94
67	30	0.93
67	36	0.7
67	36	0.7
67	38	0.85
67	40	0.87
67	41	0.82
67	43	0.96
67	27	0.84
67	16	0.81
67	46	0.88
67	48	0.8
67	29	0.91
67	20	0.94
67	38	0.85
67	41	0.82
67	57	0.92
67	62	0.9
67	63	0.75
67	27	0.84
68	15	0.83
68	16	0.87
68	19	0.73
68	23	0.75
68	24	0.7
68	16	0.87
68	27	0.84
68	28	0.81
68	29	0.79
68	30	0.72
68	33	0.71
68	33	0.71
68	23	0.75
68	44	0.82
68	48	0.77
68	29	0.79
68	27	0.84
68	16	0.87
68	62	0.8
68	33	0.71
68	27	0.84
68	29	0.79
69	47	0.83
69	52	0.71
69	55	0.77
70	17	0.74
70	20	0.81
70	21	0.8
70	24	0.75
70	26	0.7
70	24	0.75
70	29	0.77
70	30	0.76
70	33	0.79
70	29	0.77
70	37	0.78
70	26	0.7
70	30	0.76
70	43	0.88
70	46	0.92
70	37	0.78
70	37	0.78
70	20	0.81
70	26	0.7
70	30	0.76
70	33	0.79
71	14	0.71
71	15	0.97
71	16	0.88
71	17	0.7
71	18	0.76
71	19	0.8
71	20	0.85
71	18	0.76
71	23	0.82
71	24	0.9
71	25	0.81
71	26	0.93
71	27	0.92
71	24	0.9
71	24	0.9
71	20	0.85
71	31	0.83
71	33	0.84
71	20	0.85
71	36	0.73
71	31	0.83
71	20	0.85
71	19	0.8
71	43	0.87
71	43	0.87
71	19	0.8
71	36	0.73
71	48	0.78
71	24	0.9
71	51	0.96
71	54	0.86
71	18	0.76
71	57	0.99
71	25	0.81
71	63	0.75
71	24	0.9
71	27	0.92
71	43	0.87
72	14	0.75
72	15	0.85
72	16	0.76
72	14	0.75
72	18	0.82
72	19	0.71
72	20	0.87
72	21	0.84
72	19	0.71
72	15	0.85
72	25	0.79
72	18	0.82
72	14	0.75
72	28	0.94
72	29	0.89
72	29	0.89
72	31	0.73
72	33	0.8
72	15	0.85
72	36	0.72
72	36	0.72
72	40	0.88
72	41	0.83
72	43	0.93
72	31	0.73
72	14	0.75
72	46	0.91
72	48	0.74
72	40	0.88
72	51	0.81
72	18	0.82
72	25	0.79
72	36	0.72
72	41	0.83
72	41	0.83
72	36	0.72
72	40	0.88
72	31	0.73
72	18	0.82
72	51	0.81
73	22	0.74
73	55	0.85
73	22	0.74
73	69	0.77
74	15	0.92
74	16	0.85
74	20	0.86
74	21	0.83
74	24	0.91
74	25	0.77
74	15	0.92
74	27	0.87
74	15	0.92
74	20	0.86
74	30	0.89
74	32	0.74
74	24	0.91
74	35	0.9
74	20	0.86
74	40	0.82
74	41	0.75
74	24	0.91
74	44	0.81
74	40	0.82
74	21	0.83
74	48	0.78
74	27	0.87
74	15	0.92
74	54	0.8
74	25	0.77
74	30	0.89
74	21	0.83
74	44	0.81
74	67	0.96
74	44	0.81
74	70	0.73
74	30	0.89
74	40	0.82
75	15	0.93
75	16	0.81
75	17	0.86
75	18	0.83
75	19	0.79
75	20	0.91
75	21	0.87
75	23	0.71
75	20	0.91
75	25	0.74
75	15	0.93
75	27	0.85
75	28	0.89
75	29	0.94
75	21	0.87
75	31	0.72
75	17	0.86
75	35	0.8
75	37	0.7
75	38	0.76
75	16	0.81
75	41	0.92
75	43	0.96
75	35	0.8
75	19	0.79
75	18	0.83
75	15	0.93
75	50	1.0
75	15	0.93
75	18	0.83
75	17	0.86
75	20	0.91
75	19	0.79
75	16	0.81
75	41	0.92
75	19	0.79
75	19	0.79
75	71	0.9
75	72	0.88
75	72	0.88
76	15	0.93
76	16	0.78
76	17	0.7
76	18	0.73
76	19	0.81
76	20	0.84
76	21	0.83
76	20	0.84
76	26	0.89
76	16	0.78
76	28	0.85
76	29	0.86
76	30	0.82
76	17	0.7
76	33	0.79
76	35	0.8
76	38	0.75
76	35	0.8
76	35	0.8
76	20	0.84
76	38	0.75
76	33	0.79
76	48	0.76
76	28	0.85
76	15	0.93
76	54	0.9
76	56	0.72
76	26	0.89
76	56	0.72
76	66	0.77
76	67	0.87
76	68	0.71
76	71	0.88
76	66	0.77
76	20	0.84
76	28	0.85
77	13	0.7
77	15	0.78
77	17	0.75
77	19	0.74
77	20	0.76
77	21	0.8
77	17	0.75
77	26	0.82
77	15	0.78
77	29	0.9
77	30	0.73
77	15	0.78
77	35	0.72
77	20	0.76
77	20	0.76
77	41	0.81
77	29	0.9
77	44	0.71
77	46	0.86
77	48	0.91
77	29	0.9
77	51	0.77
77	29	0.9
77	20	0.76
77	44	0.71
77	62	0.88
77	51	0.77
77	26	0.82
77	68	0.79
77	70	0.89
77	17	0.75
77	46	0.86
77	17	0.75
77	29	0.9
78	1	0.73
78	14	0.75
78	15	0.92
78	16	0.74
78	19	0.87
78	20	0.8
78	21	0.78
78	21	0.78
78	24	0.83
78	25	0.77
78	26	0.94
78	25	0.77
78	28	0.89
78	28	0.89
78	20	0.8
78	21	0.78
78	33	0.88
78	35	0.84
78	36	0.7
78	16	0.74
78	40	0.85
78	41	0.79
78	33	0.88
78	44	0.81
78	40	0.85
78	48	0.86
78	28	0.89
78	15	0.92
78	25	0.77
78	28	0.89
78	28	0.89
78	62	0.98
78	63	0.9
78	44	0.81
78	67	0.93
78	19	0.87
78	25	0.77
78	28	0.89
78	40	0.85
78	48	0.86
78	28	0.89
78	20	0.8
78	77	0.91
79	13	0.84
79	22	0.91
79	58	0.88
79	64	0.97
80	39	0.95
80	49	0.91
80	49	0.91
81	16	0.81
81	28	0.72
81	29	0.74
81	30	0.7
81	43	0.71
81	30	0.7
81	29	0.74
81	29	0.74
81	29	0.74
82	15	0.82
82	16	0.74
82	16	0.74
82	20	0.79
82	21	0.86
82	24	0.77
82	25	0.78
82	26	0.88
82	28	0.93
82	25	0.78
82	30	0.83
82	33	0.84
82	35	0.8
82	16	0.74
82	40	0.72
82	41	0.76
82	21	0.86
82	24	0.77
82	46	0.87
82	16	0.74
82	25	0.78
82	51	0.81
82	40	0.72
82	41	0.76
82	26	0.88
82	16	0.74
82	66	0.75
82	67	0.89
82	24	0.77
82	16	0.74
82	24	0.77
82	21	0.86
82	74	0.85
82	20	0.79
82	24	0.77
82	16	0.74
82	74	0.85
83	14	0.7
83	15	0.96
83	16	0.83
83	19	0.77
83	20	0.79
83	21	0.85
83	23	0.71
83	24	0.86
83	14	0.7
83	26	0.92
83	16	0.83
83	24	0.86
83	29	0.89
83	30	0.84
83	31	0.72
83	33	0.81
83	33	0.81
83	38	0.73
83	33	0.81
83	41	0.76
83	24	0.86
83	44	0.78
83	41	0.76
83	14	0.7
83	33	0.81
83	50	0.88
83	15	0.96
83	54	0.87
83	56	0.75
83	26	0.92
83	56	0.75
83	38	0.73
83	66	0.8
83	29	0.89
83	33	0.81
83	71	0.91
83	19	0.77
83	50	0.88
83	29	0.89
83	15	0.96
83	77	0.74
83	54	0.87
83	44	0.78
84	13	1.0
84	58	0.83
84	64	0.86
84	77	0.7
84	79	0.84
85	15	0.78
85	18	0.71
85	18	0.71
85	20	0.85
85	21	0.79
85	23	0.75
85	24	0.81
85	20	0.85
85	15	0.78
85	27	0.82
85	20	0.85
85	27	0.82
85	24	0.81
85	15	0.78
85	33	0.89
85	35	0.84
85	21	0.79
85	24	0.81
85	41	0.76
85	43	0.91
85	27	0.82
85	46	0.88
85	48	0.72
85	27	0.82
85	23	0.75
85	54	0.74
85	56	0.8
85	21	0.79
85	24	0.81
85	24	0.81
85	67	0.87
85	70	0.86
85	24	0.81
85	33	0.89
85	24	0.81
85	75	0.83
85	76	0.7
85	75	0.83
85	27	0.82
85	82	0.77
85	76	0.7
86	15	0.89
86	16	0.77
86	19	0.73
86	20	0.91
86	21	0.85
86	20	0.91
86	25	0.79
86	20	0.91
86	25	0.79
86	28	0.94
86	21	0.85
86	20	0.91
86	32	0.7
86	33	0.96
86	35	0.92
86	32	0.7
86	37	0.78
86	38	0.84
86	40	0.81
86	41	0.76
86	43	0.93
86	44	0.82
86	45	0.74
86	20	0.91
86	48	0.8
86	50	0.86
86	51	0.9
86	48	0.8
86	40	0.81
86	57	0.87
86	62	0.88
86	63	0.71
86	48	0.8
86	67	0.98
86	45	0.74
86	44	0.82
86	57	0.87
86	72	0.83
86	74	0.95
86	62	0.88
86	72	0.83
86	40	0.81
86	43	0.93
86	62	0.88
86	21	0.85
86	50	0.86
88	64	0.71
88	79	0.7
90	15	0.91
90	16	0.75
90	17	0.7
90	18	0.78
90	19	0.74
90	20	0.87
90	21	0.86
90	24	0.9
90	25	0.81
90	20	0.87
90	18	0.78
90	28	0.89
90	28	0.89
90	21	0.86
90	16	0.75
90	32	0.72
90	33	0.83
90	35	0.85
90	32	0.72
90	35	0.85
90	18	0.78
90	28	0.89
90	44	0.73
90	45	0.79
90	46	0.77
90	16	0.75
90	28	0.89
90	24	0.9
90	25	0.81
90	56	0.76
90	35	0.85
90	18	0.78
90	63	0.71
90	66	0.8
90	15	0.91
90	17	0.7
90	21	0.86
90	72	0.84
90	20	0.87
90	28	0.89
90	76	0.82
90	16	0.75
90	33	0.83
90	72	0.84
90	72	0.84
90	56	0.76
90	21	0.86
91	47	0.77
91	47	0.77
92	14	0.77
92	15	0.83
92	16	0.87
92	18	0.75
92	20	0.73
92	24	0.84
92	25	0.72
92	25	0.72
92	27	0.86
92	15	0.83
92	29	0.78
92	30	0.85
92	14	0.77
92	35	0.79
92	29	0.78
92	38	0.8
92	30	0.85
92	43	0.74
92	24	0.84
92	14	0.77
92	51	0.81
92	24	0.84
92	43	0.74
92	66	0.7
92	29	0.78
92	29	0.78
92	27	0.86
92	51	0.81
92	51	0.81
92	14	0.77
92	66	0.7
92	18	0.75
92	25	0.72
92	86	0.71
92	90	0.76
94	15	0.77
94	17	0.76
94	18	0.78
94	20	0.89
94	21	0.82
94	20	0.89
94	25	0.72
94	26	0.75
94	28	0.79
94	29	0.85
94	30	0.83
94	32	0.7
94	21	0.82
94	35	0.87
94	18	0.78
94	30	0.83
94	15	0.77
94	43	0.92
94	17	0.76
94	21	0.82
94	48	0.73
94	29	0.85
94	26	0.75
94	26	0.75
94	28	0.79
94	57	0.74
94	25	0.72
94	26	0.75
94	35	0.87
94	20	0.89
94	26	0.75
94	21	0.82
94	74	0.8
94	75	0.86
94	32	0.7
94	77	0.81
94	26	0.75
94	83	0.71
94	35	0.87
94	86	0.84
94	74	0.8
95	15	0.85
95	16	0.77
95	20	0.87
95	21	0.78
95	23	0.71
95	20	0.87
95	25	0.84
95	15	0.85
95	27	0.81
95	28	0.91
95	29	0.8
95	20	0.87
95	31	0.72
95	28	0.91
95	35	0.92
95	36	0.73
95	20	0.87
95	40	0.83
95	31	0.72
95	43	0.9
95	15	0.85
95	31	0.72
95	46	0.89
95	23	0.71
95	27	0.81
95	25	0.84
95	54	0.75
95	56	0.79
95	57	0.88
95	20	0.87
95	36	0.73
95	66	0.82
95	67	0.94
95	68	0.74
95	27	0.81
95	46	0.89
95	15	0.85
95	43	0.9
95	66	0.82
95	16	0.77
95	21	0.78
95	46	0.89
95	40	0.83
95	21	0.78
95	35	0.92
95	86	0.95
95	27	0.81
95	92	0.76
95	40	0.83
96	52	0.71
96	55	0.79
96	64	0.81
96	52	0.71
96	73	0.83
96	79	0.73
97	59	0.85
100	15	0.96
100	16	0.83
100	19	0.76
100	20	0.78
100	21	0.84
100	23	0.7
100	24	0.86
100	26	0.92
100	16	0.83
100	24	0.86
100	29	0.88
100	21	0.84
100	31	0.71
100	33	0.82
100	35	0.81
100	38	0.74
100	40	0.8
100	41	0.75
100	43	0.85
100	20	0.78
100	41	0.75
100	23	0.7
100	40	0.8
100	50	0.87
100	15	0.96
100	24	0.86
100	38	0.74
100	26	0.92
100	41	0.75
100	63	0.72
100	40	0.8
100	67	0.89
100	35	0.81
100	71	0.91
100	19	0.76
100	29	0.88
100	29	0.88
100	15	0.96
100	63	0.72
100	24	0.86
100	20	0.78
100	83	1.0
100	24	0.86
100	21	0.84
100	38	0.74
100	23	0.7
100	20	0.78
101	15	0.85
101	16	0.74
101	16	0.74
101	20	0.82
101	21	0.76
101	23	0.7
101	24	0.86
101	20	0.82
101	26	0.84
101	27	0.78
101	28	0.89
101	27	0.78
101	15	0.85
101	31	0.72
101	33	0.87
101	35	0.9
101	23	0.7
101	38	0.79
101	20	0.82
101	33	0.87
101	44	0.83
101	44	0.83
101	27	0.78
101	26	0.84
101	54	0.73
101	16	0.74
101	33	0.87
101	62	0.91
101	27	0.78
101	66	0.81
101	67	0.92
101	38	0.79
101	16	0.74
101	28	0.89
101	66	0.81
101	24	0.86
101	75	0.8
101	21	0.76
101	20	0.82
101	78	0.95
101	66	0.81
101	38	0.79
101	85	0.88
101	67	0.92
101	75	0.8
101	54	0.73
101	38	0.79
101	95	0.96
101	38	0.79
102	14	0.83
102	15	0.9
102	16	0.71
102	18	0.75
102	19	0.82
102	14	0.83
102	21	0.76
102	14	0.83
102	24	0.86
102	25	0.88
102	26	0.85
102	26	0.85
102	15	0.9
102	29	0.78
102	14	0.83
102	25	0.88
102	15	0.9
102	15	0.9
102	38	0.74
102	40	0.91
102	38	0.74
102	24	0.86
102	44	0.8
102	18	0.75
102	29	0.78
102	19	0.82
102	51	0.87
102	51	0.87
102	21	0.76
102	14	0.83
102	26	0.85
102	44	0.8
102	14	0.83
102	40	0.91
102	16	0.71
102	51	0.87
102	51	0.87
102	24	0.86
102	16	0.71
102	76	0.81
102	18	0.75
102	25	0.88
102	76	0.81
102	19	0.82
102	85	0.89
102	24	0.86
102	26	0.85
102	29	0.78
102	29	0.78
102	51	0.87
102	76	0.81
102	24	0.86
104	15	0.71
104	18	0.76
104	20	0.89
104	24	0.85
104	18	0.76
104	28	0.79
104	15	0.71
104	30	0.84
104	33	0.86
104	20	0.89
104	38	0.82
104	38	0.82
104	43	0.8
104	45	0.75
104	46	0.81
104	15	0.71
104	51	0.7
104	18	0.76
104	51	0.7
104	38	0.82
104	70	0.78
104	70	0.78
104	74	0.74
104	75	0.72
104	33	0.86
104	38	0.82
104	74	0.74
104	30	0.84
104	38	0.82
104	18	0.76
104	30	0.84
108	1	0.71
108	14	0.86
108	15	0.72
108	24	0.76
108	25	0.81
108	27	0.74
108	28	0.75
108	30	0.78
108	14	0.86
108	30	0.78
108	27	0.74
108	40	0.83
108	51	0.7
108	51	0.7
108	1	0.71
108	51	0.7
108	27	0.74
108	72	0.77
108	72	0.77
108	51	0.7
108	25	0.81
108	1	0.71
108	51	0.7
108	40	0.83
108	24	0.76
110	103	0.78
112	95	0.72
112	101	0.73
115	14	0.87
115	15	0.88
115	16	0.8
115	18	0.74
115	19	0.72
115	16	0.8
115	21	0.77
115	24	0.89
115	25	0.7
115	16	0.8
115	27	0.85
115	28	0.86
115	14	0.87
115	30	0.9
115	31	0.76
115	32	0.71
115	33	0.82
115	35	0.79
115	36	0.73
115	18	0.74
115	40	0.81
115	19	0.72
115	33	0.82
115	21	0.77
115	18	0.74
115	18	0.74
115	14	0.87
115	15	0.88
115	16	0.8
115	36	0.73
115	27	0.85
115	18	0.74
115	67	0.83
115	18	0.74
115	71	0.84
115	40	0.81
115	16	0.8
115	14	0.87
115	71	0.84
115	25	0.7
115	78	0.75
115	32	0.71
115	19	0.72
115	14	0.87
115	18	0.74
115	86	0.78
115	40	0.81
115	67	0.83
115	25	0.7
115	19	0.72
115	14	0.87
115	32	0.71
115	67	0.83
115	78	0.75
115	40	0.81
121	52	0.75
122	16	0.74
124	32	0.72
126	85	0.7
129	47	0.81
130	97	0.78
131	39	0.95
131	49	0.86
131	60	0.92
131	80	0.91
132	10	0.91